-------------------1 round 240 TF --- 10 epochs 360 sample

loss:  [0.9846948981285095, 0.930763840675354, 0.9145036935806274, 0.906632661819458, 0.8989375233650208, 0.8899698853492737, 0.870922327041626, 0.8526935577392578, 0.8455043435096741, 0.8363021016120911]

val_loss:  [0.9470987915992737, 0.9397202134132385, 0.9297985434532166, 0.921166718006134, 0.9176756143569946, 0.8937904238700867, 0.8696288466453552, 0.8663275837898254, 0.8537890315055847, 0.8362002968788147]

acc:  [0.9506767988204956, 0.9798839688301086, 0.9847826361656189, 0.9859519004821777, 0.986297607421875, 0.9868420958518982, 0.9884276390075684, 0.9896717667579651, 0.9898967742919922, 0.9909292459487915]

val_acc:  [0.9725683331489563, 0.9712064862251282, 0.9771065711975098, 0.9814369082450867, 0.981985330581665, 0.9860502481460571, 0.9889584183692932, 0.9897649884223938, 0.9904130101203918, 0.9919403791427612]

mean_iou : [0.24944257736206055, 0.3918677866458893, 0.4374200999736786, 0.45846137404441833, 0.47662264108657837, 0.49799299240112305, 0.5449174642562866, 0.591015636920929, 0.6103175282478333, 0.638358473777771]

val_mean_iou : [0.3342580795288086, 0.346590518951416, 0.3735661804676056, 0.4018605947494507, 0.4133620262145996, 0.46691766381263733, 0.5368028283119202, 0.5443432331085205, 0.5802574753761292, 0.6363071799278259]


-------------------2 round 240 TF --- 25 epochs 360 sample

loss:  [0.8289822936058044, 0.8228779435157776, 0.8182780146598816, 0.8150737881660461, 0.8105298280715942, 0.8131853342056274, 0.8095836639404297, 0.8122861981391907, 0.8068205714225769, 0.8035155534744263, 0.8013361096382141, 0.8037203550338745, 0.8012847304344177, 0.8033206462860107, 0.8017584085464478]

val_loss:  [0.8311167359352112, 0.8261213302612305, 0.8270737528800964, 0.8189948201179504, 0.8175228834152222, 0.8266550898551941, 0.8290680646896362, 0.8143941164016724, 0.8112935423851013, 0.8074948787689209, 0.807826042175293, 0.8091983199119568, 0.8052561283111572, 0.8130173683166504, 0.8063850998878479]

acc:  [0.9916684627532959, 0.9919558167457581, 0.9923723340034485, 0.9927027821540833, 0.993201494216919, 0.9926589727401733, 0.9931551218032837, 0.9928645491600037, 0.9934344291687012, 0.9937928318977356, 0.9940307140350342, 0.9934727549552917, 0.994084894657135, 0.9937140941619873, 0.9940870404243469]

val_acc:  [0.9918743371963501, 0.9918829202651978, 0.9912922382354736, 0.9925966858863831, 0.9925327897071838, 0.9905359148979187, 0.9867963194847107, 0.9931464195251465, 0.9937021732330322, 0.9939422011375427, 0.9937792420387268, 0.9937092065811157, 0.9936550855636597, 0.9913235902786255, 0.9934654235839844]

mean_iou : [0.6608325839042664, 0.6776003241539001, 0.6913484334945679, 0.7026567459106445, 0.717246949672699, 0.7063543200492859, 0.7189677953720093, 0.7110283970832825, 0.7294730544090271, 0.74151611328125, 0.7496387362480164, 0.7387928366661072, 0.7504086494445801, 0.7419852018356323, 0.7493334412574768]

val_mean_iou : [0.6473428606987, 0.662962794303894, 0.6580442190170288, 0.6878547072410583, 0.6933276057243347, 0.6616960167884827, 0.64422208070755, 0.709079921245575, 0.7166370749473572, 0.7310116291046143, 0.7287736535072327, 0.7248542904853821, 0.7367232441902161, 0.7052667737007141, 0.7318444848060608]

-------------------3 round 240 TF --- val epochs 360 sample
